91841181282
11076987540
85400060858
41733344116
04276515026
12137190528
20217400758
06088713705
49068050774
65192956900
70957576637
82421919988
98214627411
32005720230
74202362829
27514227857
60310069989
44870982228
52417161999
87531245043
47679695598
75152022268
52583198412
71402092081
44825683374
09214258276
50693350798
87108826173
08920770011
54758176415
40056596595
56327008663
80477883333
87649948645
28383971663
09666144245
68837054440
27052701746
80297175433
89175816151
28148109613
81427526802
50312637412
04339356152
04373981891
80675551674
78256616842
09270394556
16903898297
49169525169
23877095400
37276889175
27867263213
09575422254
23813677026
25145728230
73941376686
62789492674
33080007527
67473098233
59144438741
19000667533
22382240094
20468806237
86142925194
02498344735
09155573402
43470378600
52548825791
03802318874
87738528640
81104351565
85246964435
93714235087
86229554311
27771948470
01694322856
92087119118
08406554441
52968408217
57982711598
40599491752
44867637472
19220189844
85833266204
10486138177
79438319160
44127837509
16307424647
08277194060
16191630788
20360816000
99496402614
42572760240
78697696012
60279190496
28158710335
80003898810
66027085598
16327123727
06198935535
12240433605
89852167466
04860792271
38147937232
79878708803
91934601302
75697733775
49595649266
52360321957
02106857767
11123336929
38117844795
07954816072
13627009005
15695372982
98618356836
23728776957
53060966791
16218095972
89566773204
66799403660
65621844004
60060108611
07363228585
43047033103
18976253113
06752214398
13600285156
76616229246
14610760039
94396923446
12922325285
62651556642
47868999069
19061793799
41825736024
85689715497
00012612332
92957736029
09019030290
60821856186
08606693221
90758991994
17303684954
75711299075
09423526680
86678140499
39694798311
00674634370
02413244924
10914707023
13564180607
70242526586
30640816595
54672203480
78764813788
19944322147
82742459704
76440401355
85240732352
48641371629
09015185609
06248488069
08071423566
46064435592
77895040143
63990351328
47226542329
06350382191
26900966142
28278032525
57138243865
04091817137
92108320899
22192576885
90512232185
98120491830
41927290117
43540148101
87705693031
32511618182
31479959073
02376807452
55444973835
75305663165
07532597866
44457170410
30741318348
67462876426
08562253130
01133740721
18960392329
09562937053
30603453737
66487655606
99952201018
74872126315
99055427386
41359135797
